   8604 35
   8537 36
   8932 37
   8949 38
   9112 39
   9115 40
   9027 41
   9174 42
   9412 43
   9255 44
   9303 45
   9435 46
   9570 47
   9671 48
   9566 49
   9891 50
   9948 51
   9783 52
   9854 53
  10050 54
   9908 55
   9911 56
   9892 57
   9991 58
  10441 59
   9994 60
  10321 61
  10526 62
  10345 63
  10546 64
  10350 65
  10382 66
  10707 67
  10845 68
  11138 69
  10582 70
  11288 71
  10801 72
  11094 73
  11272 74
  11073 75
  11052 76
  11119 77
  11511 78
  11415 79
  12327 80
  11757 81
  11880 82
  12036 83
  12216 84
  12294 85
  12282 86
  12236 87
  12676 88
  12840 89
  13619 90
  14024 91
  13672 92
  14054 93
  14400 94
  15938 95
  15385 96
  15838 97
  16994 98
  16437 99
  17625 100
  18686 101
  18732 102
  19895 103
  20960 104
  21401 105
  22793 106
  23746 107
  24026 108
  25649 109
  26594 110
  28061 111
  29522 112
  31097 113
  31302 114
  33385 115
  34628 116
  36007 117
  38003 118
  39051 119
  41068 120
  42809 121
  44256 122
  46818 123
  49061 124
  50976 125
  54084 126
  55434 127
  57737 128
  58923 129
  61161 130
  63193 131
  65413 132
  68967 133
  72822 134
  77340 135
  79985 136
  81314 137
  81702 138
  85751 139
  87362 140
  88381 141
  91115 142
  95869 143
 106433 144
 154406 145
 332421 146
1065757 147
 211131 148
1756471 149
38349549 150
