   6080 35
   6159 36
   6134 37
   6156 38
   6349 39
   6297 40
   6398 41
   6381 42
   6569 43
   6382 44
   6381 45
   6465 46
   6692 47
   6559 48
   6641 49
   6685 50
   6637 51
   6736 52
   6760 53
   6497 54
   6685 55
   6801 56
   6718 57
   6922 58
   7105 59
   7040 60
   7109 61
   7229 62
   7252 63
   7497 64
   7326 65
   7362 66
   7298 67
   7622 68
   7915 69
   8009 70
   8039 71
   8275 72
   8463 73
   9117 74
   8861 75
   8863 76
   9082 77
   9335 78
  10193 79
  10422 80
  10199 81
  10957 82
  11138 83
  11454 84
  12453 85
  12377 86
  12819 87
  13534 88
  14661 89
  15191 90
  16174 91
  17152 92
  17839 93
  18549 94
  20753 95
  20960 96
  22009 97
  22949 98
  23403 99
  25373 100
  26750 101
  27645 102
  29316 103
  30670 104
  31997 105
  33650 106
  35397 107
  36814 108
  38816 109
  39947 110
  41722 111
  43998 112
  45317 113
  45245 114
  47102 115
  49565 116
  51637 117
  56769 118
  58169 119
  60127 120
  62720 121
  65338 122
  69271 123
  71696 124
  74536 125
  77612 126
  79148 127
  81468 128
  82825 129
  85162 130
  85601 131
  87631 132
  91761 133
  96004 134
  98249 135
 101121 136
 103371 137
 102941 138
 108227 139
 106153 140
 109015 141
 108724 142
 115019 143
 119480 144
 151947 145
 275333 146
 846788 147
 100773 148
 828066 149
28765912 150
