   6965 35
   7143 36
   7704 37
   7669 38
   7567 39
   7811 40
   7850 41
   8114 42
   8248 43
   8143 44
   8197 45
   8560 46
  11445 47
  12682 48
  12845 49
  11465 50
  14370 51
  15499 52
  16722 53
  14739 54
  12587 55
  12936 56
  12548 57
  12816 58
  10924 59
   9680 60
   9700 61
   9697 62
   9142 63
   9197 64
   8664 65
   8612 66
   8694 67
   8398 68
   8865 69
   8751 70
   8661 71
   8689 72
   8794 73
   9069 74
   9157 75
   9369 76
   9312 77
   9652 78
  10128 79
  10386 80
  10781 81
  10620 82
  11573 83
  11534 84
  12463 85
  12587 86
  13432 87
  13828 88
  15504 89
  15928 90
  17098 91
  17639 92
  18697 93
  20405 94
  21969 95
  22170 96
  23257 97
  24566 98
  25585 99
  27924 100
  29590 101
  30323 102
  31972 103
  33448 104
  34979 105
  37153 106
  38261 107
  39828 108
  42446 109
  43824 110
  44806 111
  47680 112
  49136 113
  49316 114
  51305 115
  54603 116
  57038 117
  59597 118
  60761 119
  61528 120
  65031 121
  66883 122
  71001 123
  72290 124
  73934 125
  76991 126
  79106 127
  81545 128
  84054 129
  86087 130
  86273 131
  87957 132
  92199 133
  94890 134
  97633 135
  98911 136
 100279 137
  99610 138
 103748 139
 101632 140
 105344 141
 103643 142
 109201 143
 113280 144
 141883 145
 240132 146
 620704 147
  93170 148
 732266 149
28964990 150
