  10728 35
  10783 36
  10985 37
  10957 38
  11084 39
  11349 40
  11492 41
  11585 42
  12091 43
  11860 44
  12130 45
  12489 46
  15874 47
  17542 48
  18146 49
  17948 50
  21846 51
  21421 52
  24438 53
  22231 54
  18561 55
  19701 56
  20528 57
  19997 58
  17704 59
  14905 60
  14182 61
  14206 62
  13085 63
  12784 64
  11788 65
  11363 66
  11409 67
  11070 68
  11071 69
  10641 70
  10914 71
  10523 72
  10598 73
  10709 74
  10759 75
  10996 76
  10732 77
  10681 78
  10958 79
  10940 80
  11143 81
  11006 82
  11182 83
  11050 84
  11088 85
  11423 86
  11233 87
  11622 88
  12244 89
  13442 90
  13559 91
  13244 92
  14072 93
  14485 94
  15598 95
  15626 96
  15524 97
  16391 98
  16955 99
  18325 100
  18749 101
  18824 102
  20791 103
  20859 104
  21718 105
  22630 106
  22722 107
  23399 108
  24407 109
  25903 110
  26772 111
  27963 112
  29391 113
  30186 114
  31898 115
  33639 116
  35380 117
  37740 118
  38627 119
  40228 120
  42524 121
  43873 122
  47327 123
  50135 124
  50531 125
  54036 126
  56854 127
  58639 128
  61033 129
  63096 130
  64019 131
  67212 132
  70931 133
  73546 134
  78521 135
  79412 136
  79854 137
  80572 138
  83828 139
  84312 140
  86055 141
  87177 142
  91229 143
  97477 144
 137266 145
 270657 146
 780584 147
 158145 148
1205321 149
39182481 150
